222222222222222222222222222222222222
33                                33
33                                33
33                                33
33                                33
33                                33
33                                33
33     11111111111111      222    33
33                         333    33
33                         333    33
33            1111111111111333    33
33    222                         33
33    333                         33
33    333                         33
33    33311111111111111           33
33                         222    33
33                         333    33
33                         333    33
33                         333    33
33            1111111111111333    33
33    222                         33
33    333                         33
33    333                         33
33    33311111111111111           33
33                                33
33                                33
33                                33
111111111111111111111111111111111111